1738511778339 4.027454422539538 0
1738511805212 3.9751858579110575 1
1738511832112 3.9551706799055277 2
1738511858783 3.752307926548529 3
1738511882745 3.552796281066504 4
1738511896774 3.3914335992246247 5
1738511923580 3.2645641469490805 6
1738511950397 3.1691156217735372 7
1738511977077 3.079283029385519 8
1738512001255 3.0055959796789358 9
1738512015536 2.9403985657442213 10
1738512042400 2.8799424945364334 11
1738512069279 2.8245480854821987 12
1738512095993 2.7719219920115408 13
1738512119331 2.725397470880223 14
1738512134618 2.669507724213687 15
1738512161496 2.622200770587201 16
1738512188361 2.571980567347263 17
1738512214827 2.519828968085848 18
1738512237993 2.4728562041990068 19
1738512253339 2.4250550495866734 20
1738512280169 2.373343781417238 21
1738512307029 2.3277252439895006 22
1738512333538 2.2749409701734162 23
1738512356079 2.31791213419783 24
1738512372039 2.284685709517127 25
