1738511778337 0.07836865253898441 0
1738511805209 0.08130081300813008 1
1738511832110 0.08276689324270292 2
1738511858764 0.10681441709030673 3
1738511882742 0.1324613011938082 4
1738511896770 0.1528721844595495 5
1738511923577 0.16831362693018032 6
1738511950393 0.17987090877934542 7
1738511977074 0.19437939110070257 8
1738512001251 0.20319491251118602 9
1738512015533 0.2156280345004855 10
1738512042395 0.22503379600540735 11
1738512069275 0.23584851773576285 12
1738512095990 0.24443555910968945 13
1738512119328 0.2532320405171265 14
1738512134614 0.2614763618362179 15
1738512161484 0.2725386036061766 16
1738512188358 0.27910740465718475 17
1738512214823 0.288817806210849 18
1738512237989 0.3005464480874317 19
1738512253335 0.3079530092724815 20
1738512280165 0.31844405095104816 21
1738512307025 0.3292397326783572 22
1738512333533 0.34203461472553837 23
1738512356076 0.33373317339730774 24
1738512372034 0.3418061346889816 25
