1738449663754 0.040317378402786735 0
1738449668033 0.04560701844923236 1
1738449672299 0.046703651141788156 2
1738449676558 0.06424977422268094 3
1738449680839 0.10663140239969036 4
1738449685156 0.13230550896658497 5
1738449689436 0.14572313249903238 6
1738449693738 0.16294671655270287 7
1738449698005 0.20281254031737841 8
1738449702314 0.22229389756160495 9
1738449706581 0.23906592697716425 10
1738449710885 0.2600954715520578 11
1738449715155 0.2872532576441749 12
1738449719449 0.3111211456586247 13
1738449723736 0.32918333118307314 14
1738449728021 0.34860018062185527 15
1738449732298 0.36859760030963745 16
1738449736580 0.3862082311959747 17
1738449740870 0.3956263707908657 18
1738449745181 0.4167204231712037 19
1738449749482 0.4359437491936524 20
1738449753779 0.4491678493097665 21
1738449758073 0.46735905044510384 22
1738449762384 0.48522771255321895 23
1738449766673 0.5000645078054444 24
1738449770977 0.5221906850728938 25
1738449775241 0.5381241130176752 26
1738449779494 0.5509611663011225 27
1738449783763 0.5645723132499032 28
1738449788017 0.5838601470777964 29
1738449792284 0.6042446135982454 30
1738449796550 0.6191459166559153 31
1738449800810 0.6245000645078055 32
1738449805092 0.3506644303960779 33
1738449809380 0.41278544703909176 34
1738449813679 0.4741968778222165 35
1738449817952 0.5217391304347826 36
1738449822240 0.5576054702619017 37
1738449826527 0.584376209521352 38
1738449830807 0.6203715649593601 39
1738449835093 0.6472068120242549 40
1738449839394 0.66507547413237 41
1738449843679 0.6804283318281512 42
1738449847973 0.7039736808153787 43
1738449852245 0.7215198038962715 44
1738449856539 0.7291317249387176 45
1738449860814 0.751967488066056 46
1738449865111 0.7521610114823893 47
1738449869386 0.7637724164623919 48
1738449873683 0.7660946974583924 49
1738449877969 0.7784156882982841 50
1738449882266 0.7977680299316218 51
1738449886540 0.7980260611533996 52
1738449890835 0.8186685588956264 53
1738449895114 0.8128628564056251 54
1738449899416 0.8195716681718488 55
1738449903726 0.8168623403431815 56
1738449908032 0.8326667526770739 57
1738449912340 0.8424719391046317 58
1738449916628 0.8322797058444071 59
1738449920898 0.85995355438008 60
1738449925171 0.8569216875241904 61
1738449929461 0.8539543284737453 62
1738449933772 0.867113920784415 63
1738449938091 0.8884660043865308 64
1738449942392 0.8593729841310799 65
1738449946684 0.8701457876403045 66
1738449950956 0.8796929428460843 67
1738449955247 0.8913688556315315 68
1738449959526 0.852212617726745 69
1738449963805 0.8922719649077538 70
1738449968078 0.9124629080118695 71
1738449972378 0.8893691136627532 72
1738449976655 0.8875628951103084 73
1738449980944 0.9096890723777578 74
1738449985263 0.9042704167204232 75
1738449989569 0.8837569345890853 76
1738449993849 0.9193652431944265 77
1738449998155 0.9209134305250936 78
1738450002448 0.9136240485098697 79
1738450006765 0.9142046187588698 80
1738450011046 0.9203328602760934 81
1738450015299 0.9291704296219843 82
1738450019560 0.9155592826732034 83
1738450023820 0.8913043478260869 84
1738450028083 0.9200748290543156 85
1738450032351 0.9364598116372082 86
1738450036626 0.9056250806347568 87
1738450040913 0.936588827248097 88
1738450045243 0.919300735388982 89
1738450049528 0.9300090310927622 90
1738450053792 0.9205908914978712 91
1738450058086 0.9387175848277641 92
1738450062345 0.9287188749838731 93
1738450066635 0.919429750999871 94
1738450070888 0.9196877822216488 95
1738450075167 0.9469745839246548 96
1738450079433 0.9326538511159851 97
1738450083719 0.9250419300735389 98
1738450087981 0.9189136885563153 99
