1738449663755 4.734326967259043 0
1738449668034 4.641774254730067 1
1738449672301 4.618919370592255 2
1738449676568 4.475264905162693 3
1738449680840 4.111476868698277 4
1738449685158 3.8895381927490233 5
1738449689437 3.761008633780725 6
1738449693740 3.606824186167766 7
1738449698006 3.382542127923867 8
1738449702315 3.2253305941512904 9
1738449706583 3.1114931480171752 10
1738449710886 2.997103872495828 11
1738449715156 2.8588415126210633 12
1738449719451 2.73743349473501 13
1738449723737 2.6299049598654523 14
1738449728023 2.5165298132552314 15
1738449732300 2.439797629523523 16
1738449736582 2.3557837736975284 17
1738449740871 2.2857735796073047 18
1738449745182 2.1903846635031945 19
1738449749484 2.1124227845791688 20
1738449753781 2.0393432359105534 21
1738449758074 1.9596350271677234 22
1738449762385 1.8760178870761517 23
1738449766675 1.7978507349171589 24
1738449770979 1.7156239827883613 25
1738449775242 1.6447735938829244 26
1738449779496 1.5895417691506062 27
1738449783764 1.514532228720557 28
1738449788018 1.4406563505683978 29
1738449792286 1.3701852126219838 30
1738449796552 1.315977289750404 31
1738449800811 1.2980883012112883 32
1738449805094 2.7617133182348663 33
1738449809381 2.2406740358195356 34
1738449813681 1.9378214275714047 35
1738449817953 1.729083851686458 36
1738449822242 1.5715888824659525 37
1738449826529 1.4328254687417414 38
1738449830809 1.3067520430407573 39
1738449835095 1.2131702620958544 40
1738449839396 1.1381789321751938 41
1738449843680 1.0925961168770937 42
1738449847975 1.000194600193771 43
1738449852246 0.9432403473509956 44
1738449856540 0.9143872928373592 45
1738449860815 0.8408233436112551 46
1738449865114 0.8359141635526087 47
1738449869387 0.7854803472450099 48
1738449873685 0.7831702490750048 49
1738449877971 0.7282074345141342 50
1738449882267 0.6670296919714545 51
1738449886541 0.6655630178672751 52
1738449890837 0.6066446146706945 53
1738449895115 0.6064125141839392 54
1738449899417 0.6013358853834192 55
1738449903728 0.5878172795643511 56
1738449908033 0.5466859896465676 57
1738449912342 0.5175619999465254 58
1738449916630 0.533597736475394 59
1738449920899 0.4571497138167165 60
1738449925172 0.46415978117087453 61
1738449929462 0.4680294920488731 62
1738449933774 0.4311807434583448 63
1738449938094 0.3706738633439713 64
1738449942393 0.4478597882943055 65
1738449946685 0.42622734334358237 66
1738449950958 0.3888872687964095 67
1738449955250 0.3512452208734665 68
1738449959528 0.4797382206339197 69
1738449963807 0.3482271086923855 70
1738449968080 0.2900015668386651 71
1738449972380 0.3559098257692819 72
1738449976657 0.36103999263693376 73
1738449980945 0.285487248856075 74
1738449985265 0.2986641267833022 75
1738449989570 0.3770688322247918 76
1738449993856 0.2687959396270747 77
1738449998157 0.2589156857931737 78
1738450002449 0.29034439975146165 79
1738450006767 0.2726648883721263 80
1738450011047 0.2573006743545999 81
1738450015301 0.225395545931821 82
1738450019561 0.27038595483628747 83
1738450023822 0.3517252301125182 84
1738450028084 0.24992820011432637 85
1738450032352 0.20342384978130307 86
1738450036628 0.29629434892504486 87
1738450040914 0.20450122541335133 88
1738450045244 0.2628983709116265 89
1738450049530 0.2244072443047135 90
1738450053793 0.2615399558231542 91
1738450058087 0.19920183524258972 92
1738450062346 0.2280534631505455 93
1738450066636 0.2646101263342137 94
1738450070890 0.2546396869090722 95
1738450075169 0.16614780085564582 96
1738450079435 0.22060450834135725 97
1738450083721 0.24142862511510702 98
1738450087982 0.2594869020942253 99
