1738489558552 3.4678981089377188 0
1738489560354 3.13742733001709 1
1738489562122 3.1322843631108603 2
1738489563883 3.1239679031543903 3
1738489565640 3.119150735236503 4
1738489567400 3.097030847996205 5
1738489569146 3.045807041563429 6
1738489570883 2.7486360653026685 7
1738489572638 2.503033448983957 8
1738489574395 2.393307889367009 9
1738489576151 2.2940286269059054 10
1738489577895 2.2215713772687824 11
1738489579636 2.157891150530394 12
1738489581384 2.0986716473424756 13
1738489583148 1.9935062205469287 14
1738489584906 1.9123196225982528 15
1738489586649 1.8224188459886086 16
1738489588396 1.7352067097887263 17
1738489590165 1.6198679960525788 18
1738489591923 1.5344779287372623 19
1738489593689 1.4429197598685015 20
1738489595439 1.369089126586914 21
1738489597192 1.2875970575186584 22
1738489598959 1.2527360814111728 23
1738489600735 1.210638144263276 24
1738489602571 1.152233102568635 25
1738489604404 1.0934173260723148 26
1738489606249 1.053562597917007 27
1738489608091 1.0149073394032213 28
1738489609949 0.9581810837393409 29
1738489611780 0.9333381784391833 30
1738489613585 0.8747676570673246 31
