1738489558551 0.07643402090986154 0
1738489560353 0.07940096072336818 1
1738489562120 0.07657530375812377 2
1738489563881 0.08293303192992371 3
1738489565638 0.08010737496467929 4
1738489567398 0.087595365922577 5
1738489569145 0.10412545916925685 6
1738489570882 0.1705283978525007 7
1738489572636 0.20895733257982482 8
1738489574394 0.23481209381181126 9
1738489576150 0.25981915795422433 10
1738489577893 0.27691438259395307 11
1738489579635 0.2911839502684374 12
1738489581382 0.3098332862390506 13
1738489583147 0.3390788358293303 14
1738489584905 0.36973721390223224 15
1738489586647 0.4011020062164453 16
1738489588395 0.4272393331449562 17
1738489590163 0.4600169539417915 18
1738489591921 0.48346990675332013 19
1738489593687 0.5128567391918621 20
1738489595437 0.5309409437694264 21
1738489597190 0.5624470189319016 22
1738489598958 0.5777055665442216 23
1738489600733 0.597202599604408 24
1738489602569 0.6109070358858435 25
1738489604402 0.6285673919186211 26
1738489606247 0.6474992935857586 27
1738489608090 0.6616275784119808 28
1738489609947 0.6849392483752472 29
1738489611778 0.689884148064425 30
1738489613583 0.7086747668833003 31
