1738451793571 3.4815792435998314 0
1738451795632 3.138314679936246 1
1738451797663 3.133941286319011 2
1738451799696 3.129960256653863 3
1738451801800 3.1248922133230947 4
1738451803809 3.114024380305866 5
1738451805823 3.1053564516273706 6
1738451807848 3.0894655805450304 7
1738451809878 2.943721061354285 8
1738451811923 2.6445742512608432 9
1738451813951 2.4712749075245215 10
1738451815980 2.3552250341252163 11
1738451818008 2.2749451184057974 12
1738451820036 2.206264974297704 13
1738451822078 2.124424946737719 14
1738451824119 2.032100929870262 15
1738451826168 1.9508049740447655 16
1738451828216 1.865537791638761 17
1738451830247 1.7782704389847077 18
1738451832279 1.7081703935657535 19
1738451834313 1.6118203514331095 20
1738451836400 1.5379770671999133 21
1738451838441 1.4452463517317902 22
1738451840478 1.395850685802666 23
1738451842513 1.3224079582068298 24
1738451844526 1.2712353322957013 25
1738451846554 1.2008097534244124 26
1738451848587 1.1744058150965888 27
1738451850637 1.1210115632495365 28
1738451852674 1.0745673029272407 29
1738451854747 1.0409765321392197 30
1738451856771 0.9751361799132716 31
1738451858797 0.9230943679272592 32
1738451860816 0.8727958243977916 33
