1738451793569 0.06696807007629274 0
1738451795629 0.07897711217858153 1
1738451797661 0.07148912122068381 2
1738451799694 0.07855326363379486 3
1738451801798 0.08038994066120372 4
1738451803807 0.07770556654422153 5
1738451805821 0.08462842610907036 6
1738451807846 0.09056230573608363 7
1738451809877 0.12757841198078554 8
1738451811921 0.18239615710652726 9
1738451813950 0.212913252331167 10
1738451815979 0.237213902232269 11
1738451818006 0.2641989262503532 12
1738451820035 0.2851087877931619 13
1738451822076 0.3092681548460017 14
1738451824117 0.3402090986154281 15
1738451826156 0.36337948573043233 16
1738451828215 0.3861260243006499 17
1738451830245 0.4063294716021475 18
1738451832277 0.43967222379203164 19
1738451834311 0.45846284261090703 20
1738451836398 0.48799095789771124 21
1738451838437 0.5183667702740887 22
1738451840475 0.5319299237072619 23
1738451842512 0.5559480079118395 24
1738451844524 0.5761514552133371 25
1738451846553 0.6001695394179146 26
1738451848586 0.6082226617688613 27
1738451850635 0.6239050579259677 28
1738451852672 0.6428369595931054 29
1738451854745 0.6555524159367053 30
1738451856769 0.675190731845154 31
1738451858795 0.6929923707261938 32
1738451860814 0.7123481209381182 33
