1738491717489 3.4745487694267756 0
1738491719224 3.133867076925329 1
1738491720945 3.1326199351130306 2
1738491722712 3.122589526949702 3
1738491724564 3.100104248201525 4
1738491726341 3.0548694756653934 5
1738491728093 2.752694082689715 6
1738491729857 2.52200570622006 7
1738491731650 2.3735742628037393 8
1738491733448 2.2921393878825076 9
1738491735234 2.208115824171015 10
1738491737052 2.1167022172395176 11
1738491738830 2.0236963635092384 12
1738491740623 1.92900630590078 13
1738491742474 1.8418217639665346 14
1738491744247 1.746424546649864 15
1738491746039 1.6660490476333343 16
1738491747943 1.5407403396056578 17
1738491749776 1.452915446715312 18
1738491751651 1.3794322660914413 19
1738491753496 1.2966239334226728 20
1738491755299 1.2328016513639741 21
1738491757086 1.1629623958656379 22
1738491758862 1.0968220067453813 23
1738491760759 1.0382885332848575 24
1738491762601 1.0010680462326016 25
1738491764421 0.9500436253912814 26
1738491766235 0.8998658117410299 27
1738491768123 0.8477281123936713 28
1738491769867 0.7878089708922146 29
1738491771600 0.7596356139795201 30
1738491773325 0.7158728879582774 31
1738491775024 0.7242556419726964 32
1738491776804 0.6534052726116266 33
1738491778603 0.6221269358050179 34
1738491780382 0.6175840086899362 35
