1738491717487 0.07925967787510596 0
1738491719222 0.0781294150890082 1
1738491720944 0.08180276914382593 2
1738491722710 0.07742300084769708 3
1738491724562 0.09169256852218141 4
1738491726339 0.10384289347273241 5
1738491728091 0.16360553828765187 6
1738491729856 0.21178298954506922 7
1738491731648 0.23834416501836678 8
1738491733446 0.25685221814071774 9
1738491735232 0.28567391918621077 10
1738491737051 0.3072901949703306 11
1738491738827 0.33173212771969485 12
1738491740621 0.3660638598474145 13
1738491742471 0.3888103984176321 14
1738491744245 0.42427239333144956 15
1738491746028 0.45577846849392484 16
1738491747941 0.48827352359423565 17
1738491749774 0.5111613450127155 18
1738491751649 0.5416784402373552 19
1738491753494 0.5576434020909862 20
1738491755297 0.5832155976264481 21
1738491757084 0.6041254591692569 22
1738491758860 0.629838937552981 23
1738491760758 0.6466515964961853 24
1738491762599 0.6685504379768296 25
1738491764419 0.6732127719694829 26
1738491766234 0.6932749364227183 27
1738491768121 0.7099463125176604 28
1738491769866 0.7331166996326646 29
1738491771598 0.7469624187623622 30
1738491773324 0.7569935009889799 31
1738491775023 0.7523311669963266 32
1738491776802 0.7827069793727042 33
1738491778602 0.7904775360271263 34
1738491780380 0.7880757276066686 35
