1738506272737 0.06781576716586607 0
1738506274581 0.08166148629556372 1
1738506276413 0.07770556654422153 2
1738506278255 0.07671658660638599 3
1738506280104 0.0768578694546482 4
1738506281930 0.07728171799943487 5
1738506283757 0.07827069793727041 6
1738506285599 0.07897711217858153 7
1738506287434 0.08095507205425262 8
1738506289272 0.08180276914382593 9
1738506291113 0.08406329471602147 10
1738506292940 0.08081378920599039 11
1738506294751 0.08703023452952811 12
1738506296560 0.087595365922577 13
1738506298379 0.08703023452952811 14
1738506300187 0.08985589149477254 15
1738506301988 0.09480079118395027 16
1738506303810 0.09578977112178581 17
1738506305624 0.09762644814919469 18
1738506307451 0.09677875105962136 19
1738506309272 0.1065272675897146 20
1738506311087 0.12362249222944334 21
1738506312895 0.13450127154563435 22
1738506314696 0.15159649618536308 23
1738506316503 0.16487708392201186 24
1738506318320 0.17957050014128284 25
1738506320122 0.18917773382311387 26
1738506321941 0.2095224639728737 27
1738506323782 0.21997739474427805 28
1738506325608 0.23664877083922012 29
1738506327429 0.2650466233399265 30
1738506329260 0.27550155411133087 31
1738506331107 0.29556371856456626 32
1738506332939 0.3150607516247528 33
1738506334764 0.3414806442497881 34
1738506336593 0.36069511161345014 35
1738506338441 0.38697372139022324 36
