1738506272739 3.4992280661522805 0
1738506274583 3.1379745683154545 1
1738506276415 3.1359468333356015 2
1738506278256 3.133782886170052 3
1738506280106 3.128735812934669 4
1738506281932 3.130842798465007 5
1738506283758 3.1248132022651465 6
1738506285600 3.1226038556915148 7
1738506287435 3.124945354891253 8
1738506289274 3.118188898842614 9
1738506291115 3.1165501609578863 10
1738506292942 3.1149988152959325 11
1738506294752 3.1118988668596423 12
1738506296562 3.104472131342501 13
1738506298381 3.097789650564795 14
1738506300189 3.092088540395101 15
1738506301999 3.0839173364209698 16
1738506303812 3.0691675538415306 17
1738506305626 3.0557083965421796 18
1738506307453 3.0317890729990093 19
1738506309274 2.9819951368881776 20
1738506311088 2.918893796903593 21
1738506312897 2.8657262593776256 22
1738506314697 2.817107986759495 23
1738506316505 2.772819845526068 24
1738506318322 2.7158198807690597 25
1738506320123 2.667806167860289 26
1738506321942 2.5938457175418064 27
1738506323783 2.5445652416160516 28
1738506325611 2.469298349307464 29
1738506327431 2.4031280187873154 30
1738506329261 2.3473653138220847 31
1738506331108 2.2620561079935984 32
1738506332941 2.2003429505202146 33
1738506334765 2.1100654344300964 34
1738506336595 2.0436758812483364 35
1738506338443 1.9568129020768243 36
