1738506419443 4.027348181362129 0
1738506432350 3.9779148745043122 1
1738506445258 3.9591317557243135 2
1738506458317 3.784928329533985 3
1738506471393 3.624935624950841 4
1738506484504 3.48635883525867 5
1738506497539 3.3800576409817324 6
1738506510911 3.300142374747273 7
1738506523914 3.2301281408909324 8
1738506536943 3.1685397267777216 9
1738506550024 3.113358187326996 10
1738506563194 3.058902802478962 11
1738506576296 3.010719930936881 12
1738506589316 2.966680361205274 13
1738506602866 2.9254064866308753 14
1738506615970 2.888686764254785 15
1738506629636 2.847646711950035 16
1738506642937 2.8087464129590813 17
1738506656406 2.7696404123132035 18
1738506669689 2.7348721065126296 19
1738506682830 2.696698828823819 20
1738506695960 2.659949321404154 21
1738506709083 2.6203451149356205 22
1738506722180 2.5808504430733703 23
1738506735305 2.542197236190034 24
1738506748726 2.504283280959228 25
1738506765390 2.4689984424686315 26
1738506783680 2.4283981396568244 27
1738506801342 2.389873439298623 28
1738506818767 2.349796799082994 29
1738506836338 2.311033367312056 30
1738506853272 2.2716983044191053 31
