1738506419441 0.0786161725785876 0
1738506432347 0.08082481293197007 1
1738506445255 0.08331905333104854 2
1738506458313 0.09860817577730813 3
1738506471391 0.12309361969497915 4
1738506484501 0.1434854629576741 5
1738506497537 0.15450962472153995 6
1738506510908 0.1641248262599722 7
1738506523911 0.17314978770396602 8
1738506536939 0.18289826926372307 9
1738506550020 0.18996211039393765 10
1738506563191 0.19717827154852344 11
1738506576293 0.20479427276708365 12
1738506589313 0.2111917137906742 13
1738506602863 0.218788675006188 14
1738506615967 0.22330115572818493 15
1738506629624 0.22947011671521866 16
1738506642933 0.23739075798252127 17
1738506656403 0.24386435901829745 18
1738506669686 0.24858627977380476 19
1738506682827 0.2539936406389825 20
1738506695957 0.2641038822566212 21
1738506709078 0.2696445231431237 22
1738506722177 0.2769178043068487 23
1738506735302 0.28308676529388244 24
1738506748722 0.29064564650330343 25
1738506765384 0.2967955674872908 26
1738506783677 0.30679156908665106 27
1738506801339 0.31511205041792806 28
1738506818763 0.3248605319776851 29
1738506836334 0.33293349326935895 30
1738506853268 0.34068277450924395 31
