1738450652946 0.060205908683974935 0
1738450655494 0.05908683974932856 1
1738450658057 0.06255595344673232 2
1738450660634 0.06266786034019696 3
1738450663192 0.06345120859444942 4
1738450665748 0.06837511190689347 5
1738450668313 0.10799015219337511 6
1738450670870 0.1600268576544315 7
1738450673411 0.17905102954341987 8
1738450675958 0.19538943598925693 9
1738450678532 0.21631602506714415 10
1738450681077 0.22940913160250673 11
1738450683634 0.2419427036705461 12
1738450686185 0.2696956132497762 13
1738450688740 0.29711280214861235 14
1738450691286 0.3349373321396598 15
1738450693857 0.3705237242614145 16
1738450696418 0.39178603401969564 17
1738450698980 0.4273724261414503 18
1738450701581 0.4465085049239033 19
1738450704175 0.47649955237242614 20
1738450706753 0.49899283795881827 21
1738450709333 0.5343554162936437 22
1738450711905 0.5655774395702775 23
1738450714476 0.5843777976723367 24
1738450717030 0.6104521038495971 25
1738450719612 0.6273500447627574 26
1738450722178 0.6556624888093107 27
1738450724730 0.6689794091316025 28
1738450727314 0.6916965085049239 29
1738450729894 0.7099373321396598 30
1738450732448 0.72683527305282 31
1738450735005 0.7412712623097583 32
1738450737558 0.7515666965085049 33
1738450740113 0.7754028648164727 34
1738450742683 0.7852506714413607 35
1738450745247 0.8072963294538944 36
1738450747796 0.8023724261414503 37
1738450750357 0.8250895255147717 38
1738450752908 0.8304610564010743 39
1738450755466 0.8386302596239928 40
1738450758252 0.8418755595344674 41
1738450760901 0.8470232766338407 42
1738450763519 0.8636974037600716 43
1738450766084 0.8761190689346464 44
1738450768807 0.8671665174574754 45
1738450771427 0.88272157564906 46
1738450773968 0.8801477170993733 47
1738450776561 0.8838406445837064 48
1738450779162 0.9150626678603402 49
