1738450652948 3.811148339509964 0
1738450655496 3.638625789540155 1
1738450658059 3.6312481360776085 2
1738450660636 3.621506084714617 3
1738450663194 3.61619325535638 4
1738450665750 3.596448198386601 5
1738450668315 3.387910291978291 6
1738450670872 3.0701985214437757 7
1738450673413 2.9372843103749413 8
1738450675960 2.886210595709937 9
1738450678534 2.7732457339763643 10
1738450681078 2.7135553206716265 11
1738450683636 2.6247472848211015 12
1738450686187 2.532828824009214 13
1738450688742 2.41675092790808 14
1738450691288 2.2806109717914036 15
1738450693868 2.135669523051807 16
1738450696420 2.0151450395584107 17
1738450698982 1.9008853120463236 18
1738450701583 1.815400954229491 19
1738450704177 1.7147429291691099 20
1738450706755 1.619272827250617 21
1738450709334 1.5078054093888829 22
1738450711907 1.4114759240831647 23
1738450714478 1.3319895384567124 24
1738450717031 1.2542545542120933 25
1738450719614 1.1782645966325487 26
1738450722180 1.1034581263150487 27
1738450724732 1.0674057040895735 28
1738450727316 0.9715222577963557 29
1738450729896 0.9210017299013479 30
1738450732450 0.8685931708131518 31
1738450735006 0.8263618844428233 32
1738450737560 0.7851230865078312 33
1738450740114 0.7237854866044862 34
1738450742685 0.6760634436139039 35
1738450745248 0.6257844087268625 36
1738450747798 0.6237958856991359 37
1738450750359 0.559576062272702 38
1738450752910 0.5484030449496848 39
1738450755468 0.5155849552580288 40
1738450758253 0.5115060649812222 41
1738450760904 0.4814971868214863 42
1738450763521 0.427036204907511 43
1738450766086 0.3955326370894909 44
1738450768809 0.4024031005533678 45
1738450771429 0.3698282735954438 46
1738450773970 0.3758304920579706 47
1738450776563 0.3621807075504746 48
1738450779164 0.281357496617628 49
