1738451032836 0.05875111906893465 0
1738451035408 0.06815129811996419 1
1738451038068 0.06457027752909579 2
1738451040706 0.06647269471799463 3
1738451043260 0.06792748433303492 4
1738451045808 0.06669650850492391 5
1738451048389 0.06647269471799463 6
1738451050938 0.06580125335720681 7
1738451053491 0.06747985675917637 8
1738451056074 0.06378692927484333 9
1738451058660 0.0684870188003581 10
1738451061216 0.06546553267681289 11
1738451063815 0.06736794986571172 12
1738451066396 0.06747985675917637 13
1738451068990 0.06714413607878246 14
1738451071591 0.06580125335720681 15
1738451074169 0.06658460161145927 16
1738451076782 0.06871083258728737 17
1738451079386 0.06803939122649955 18
1738451081966 0.06949418084153984 19
1738451084550 0.06837511190689347 20
1738451087135 0.07911817367949865 21
1738451089707 0.09064458370635631 22
1738451092279 0.105863921217547 23
1738451094836 0.1223142345568487 24
1738451097396 0.1387645478961504 25
1738451099969 0.15387197851387646 26
1738451102545 0.16483885407341092 27
1738451105132 0.17714861235452103 28
1738451107719 0.1797224709042077 29
1738451110282 0.19102506714413608 30
1738451112855 0.19292748433303492 31
1738451115426 0.20098478066248882 32
1738451117994 0.2102730528200537 33
1738451120561 0.21508504923903313 34
1738451123139 0.22112802148612354 35
1738451125698 0.22325425246195166 36
1738451128272 0.23668307967770816 37
1738451130846 0.24272605192479857 38
1738451133415 0.251230975828111 39
1738451135966 0.25884064458370637 40
1738451138554 0.26175022381378693 41
1738451141120 0.27260519247985676 42
1738451143705 0.28424350940017906 43
1738451146308 0.2820053715308863 44
1738451148903 0.2970008952551477 45
1738451151488 0.3029319606087735 46
1738451154054 0.30863921217547 47
1738451156628 0.3166965085049239 48
1738451159191 0.32307520143240825 49
