1738451032837 4.537499045474188 0
1738451035410 3.6320990826402393 1
1738451038070 3.619979991231646 2
1738451040707 3.6166598541396007 3
1738451043263 3.615741125174931 4
1738451045809 3.6146250750337328 5
1738451048390 3.612719887495041 6
1738451050940 3.6124045261314937 7
1738451053492 3.6109072353158678 8
1738451056076 3.6119347393512724 9
1738451058662 3.6113001201833996 10
1738451061218 3.6098555053983414 11
1738451063817 3.6082043545586724 12
1738451066398 3.608721195799964 13
1738451068992 3.6073664758886608 14
1738451071593 3.603599714381354 15
1738451074180 3.6005140738827843 16
1738451076784 3.597795191832951 17
1738451079387 3.597730703013284 18
1738451081968 3.593362570660455 19
1738451084552 3.590206995180675 20
1738451087137 3.571346391950335 21
1738451089709 3.528884756565094 22
1738451092280 3.420161175727844 23
1738451094837 3.3180446922779083 24
1738451097398 3.247616753407887 25
1738451099971 3.166563945157187 26
1738451102547 3.0957076575074876 27
1738451105134 3.0259084216185976 28
1738451107721 2.973549804517201 29
1738451110285 2.92344862307821 30
1738451112857 2.898811457838331 31
1738451115428 2.8620076417922973 32
1738451117996 2.8291865723473686 33
1738451120563 2.809445095062256 34
1738451123141 2.775514497075762 35
1738451125700 2.7481801211833954 36
1738451128274 2.7129975616931916 37
1738451130847 2.6855038361889974 38
1738451133417 2.6645232464585984 39
1738451135968 2.6251550197601317 40
1738451138555 2.60239714384079 41
1738451141121 2.5505634929452623 42
1738451143707 2.511012348106929 43
1738451146309 2.4917741583926336 44
1738451148905 2.4362053998879025 45
1738451151490 2.4121544178043095 46
1738451154055 2.377518673028265 47
1738451156630 2.3449694284370968 48
1738451159193 2.321228934611593 49
