1738451192981 3.8705719113349915 0
1738451195533 3.633212495701654 1
1738451198081 3.6247683703899383 2
1738451200657 3.621121814421245 3
1738451203211 3.6071744825158802 4
1738451205747 3.5972937916006362 5
1738451208310 3.523569987501417 6
1738451210864 3.1903103734765734 7
1738451213400 2.9904556402138303 8
1738451215933 2.8656146245343344 9
1738451218471 2.786643033368247 10
1738451221009 2.7249726091112407 11
1738451223548 2.664734331199101 12
1738451226096 2.634043104307992 13
1738451228646 2.5654534127031052 14
1738451231198 2.496566141928945 15
1738451233755 2.414061883517674 16
1738451236291 2.340419095328876 17
1738451238834 2.2326621285506656 18
1738451241374 2.117301402773176 19
1738451243916 2.0237362963812693 20
1738451246463 1.9137424647808075 21
1738451249029 1.8482467783348902 22
1738451251573 1.7613795348576138 23
1738451254116 1.7038586114134107 24
1738451256696 1.6241142460278102 25
1738451259384 1.5439560634749276 26
1738451262008 1.4798674347145218 27
1738451264585 1.4398191141230718 28
1738451267140 1.3644630602427892 29
1738451269673 1.321161086857319 30
1738451272236 1.2651006140879222 31
1738451274791 1.2142185534749712 32
1738451277324 1.160398576940809 33
1738451279869 1.122998163316931 34
1738451282462 1.0536772495933941 35
1738451285056 1.0191145479679107 36
1738451287610 0.98793002015778 37
1738451290191 0.9362479176372289 38
1738451292764 0.8753013081848622 39
