1738451192980 0.055729632945389435 0
1738451195531 0.06210832587287377 1
1738451198079 0.06501790510295434 2
1738451200655 0.06535362578334826 3
1738451203209 0.06490599820948971 4
1738451205745 0.06602506714413608 5
1738451208308 0.0828111011638317 6
1738451210862 0.1471575649059982 7
1738451213398 0.17412712623097581 8
1738451215931 0.19673231871083258 9
1738451218470 0.212958818263205 10
1738451221007 0.23254252461951655 11
1738451223547 0.24809758281110117 12
1738451226093 0.2522381378692927 13
1738451228644 0.2741718889883617 14
1738451231196 0.2891674127126231 15
1738451233753 0.31054162936436885 16
1738451236289 0.32833482542524617 17
1738451238832 0.3504923903312444 18
1738451241372 0.37421665174574753 19
1738451243915 0.392905102954342 20
1738451246461 0.42446284691136976 21
1738451249027 0.4402417188898836 22
1738451251572 0.4646374216651746 23
1738451254114 0.47829006266786034 24
1738451256694 0.505259623992838 25
1738451259382 0.5226051924798567 26
1738451262006 0.5401745747538048 27
1738451264584 0.5559534467323187 28
1738451267138 0.5708370635631155 29
1738451269671 0.5826991942703671 30
1738451272234 0.6002685765443151 31
1738451274789 0.616047448522829 32
1738451277322 0.6309310653536258 33
1738451279867 0.6433527305282005 34
1738451282460 0.6676365264100269 35
1738451285055 0.6763652641002685 36
1738451287608 0.6866606982990152 37
1738451290189 0.7025514771709938 38
1738451292762 0.7167636526410027 39
