1738451919491 0.0761514552133371 0
1738451921239 0.07134783837242159 1
1738451923006 0.07714043515117265 2
1738451924773 0.07827069793727041 3
1738451926528 0.07855326363379486 4
1738451928295 0.08787793161910144 5
1738451930054 0.12786097767730997 6
1738451931782 0.19157954224357163 7
1738451933486 0.22520486012998023 8
1738451935208 0.2466798530658378 9
1738451936919 0.2702740887256287 10
1738451938618 0.28680418197230856 11
1738451940346 0.315202034473015 12
1738451942054 0.3512291607798813 13
1738451943760 0.3982763492512009 14
1738451945486 0.4262503532071207 15
1738451947191 0.46595083356880473 16
1738451948900 0.4925120090421023 17
1738451950623 0.5148346990675332 18
1738451952337 0.5512856739191863 19
1738451954046 0.5714891212206838 20
1738451955760 0.5822266176886126 21
1738451957463 0.6061034190449279 22
1738451959173 0.6302627860977678 23
1738451960890 0.644532353772252 24
1738451962625 0.6500423848544786 25
1738451964366 0.6719412263351229 26
1738451966115 0.6890364509748517 27
1738451967881 0.7004803616840916 28
1738451969642 0.7170104549307714 29
1738451971395 0.7283130827917491 30
1738451973126 0.732127719694829 31
1738451974869 0.7424413676179712 32
1738451976634 0.7685786945464821 33
1738451978396 0.7718282000565131 34
