1738451919492 3.4631427193547153 0
1738451921241 3.133966873357962 1
1738451923008 3.130549528577306 2
1738451924774 3.125361195555678 3
1738451926530 3.113618687466458 4
1738451928297 3.0860835840036205 5
1738451930055 2.914240918717943 6
1738451931784 2.604863181844488 7
1738451933488 2.436705176894729 8
1738451935210 2.3417623864637838 9
1738451936920 2.2527663879566364 10
1738451938619 2.175624766865292 11
1738451940348 2.0684542215622224 12
1738451942055 1.9795816615895108 13
1738451943762 1.838223437468211 14
1738451945488 1.7467094713503175 15
1738451947193 1.626402585356085 16
1738451948902 1.5367055374222833 17
1738451950624 1.4759161679057387 18
1738451952339 1.3660007017152804 19
1738451954048 1.2861429912012976 20
1738451955762 1.2453701039692302 21
1738451957465 1.169136402306256 22
1738451959175 1.1097644886992 23
1738451960892 1.0654031718904908 24
1738451962627 1.0345862223221376 25
1738451964368 0.9622429126017803 26
1738451966117 0.9145910075387439 27
1738451967883 0.8793078924084569 28
1738451969643 0.8403882486326201 29
1738451971397 0.7979428509065697 30
1738451973128 0.7754791662231222 31
1738451974871 0.7563862223345954 32
1738451976636 0.6848121415655892 33
1738451978397 0.6715167250719156 34
